   *** Text-formatted Bell Statistics
       ------------------------------------------------------------------------------
         Bell Number:       1    2    3    4    5    6    7    8    9    0    E    T  
       ------------------------------------------------------------------------------
         Mean Error: All    -3    7   14    2    4   11   -7   -6   -7  -15   -7    2 
                      Hs    -4    6   16    3  -27   16   -8   -8   -9  -20   -6   20 
                      Bs    -2    7   12    1   36    6   -6   -4   -4   -9   -8  -16 
        
         Std  Error: All    30   38   34   37   51   38   33   48   34   37   41   39 
                      Hs    28   40   33   37   40   35   29   48   32   37   38   33 
                      Bs    32   35   35   38   40   40   36   48   36   35   43   36 
        
         Rms  Error: All    30   38   37   37   51   40   33   48   35   39   41   39 
                      Hs    28   40   37   37   48   39   30   48   33   42   38   39 
                      Bs    32   36   37   38   54   40   36   48   36   37   44   40 
       ------------------------------------------------------------------------------
