   *** Text-formatted Bell Statistics
       ------------------------------------------------------------------------------
         Bell Number:       1    2    3    4    5    6    7    8    9    0    E    T  
       ------------------------------------------------------------------------------
         Mean Error: All     2   20    2   -5    7   12   -7    2  -23  -13   -5    6 
                      Hs    -2   13  -17  -17   -8    8   -5    3  -19  -24    0    7 
                      Bs     5   27   21    7   21   16  -10    1  -27   -2   -9    5 
        
         Std  Error: All    48   51   61   44   40   48   41   42   33   44   35   33 
                      Hs    51   52   58   41   40   47   38   39   35   44   33   33 
                      Bs    46   49   58   42   35   49   43   45   31   41   37   34 
        
         Rms  Error: All    48   55   61   44   41   49   41   42   40   45   36   34 
                      Hs    51   54   61   45   41   48   39   39   40   50   33   34 
                      Bs    46   56   62   43   41   51   44   45   41   41   38   34 
       ------------------------------------------------------------------------------
