   *** Text-formatted Bell Statistics
       ------------------------------------------------------------------------------
         Bell Number:       1    2    3    4    5    6    7    8    9    0    E    T  
       ------------------------------------------------------------------------------
         Mean Error: All     1   51   -9  -12   30  -41  -10  -78   27  -84   20    3 
                      Hs    16   49    8   -7   13  -78   -2  -96   28 -104   -7   24 
                      Bs   -13   52  -26  -16   48   -3  -18  -59   26  -63   48  -18 
        
         Std  Error: All    33   35   51   69   31   83   37   84   53  103   65   66 
                      Hs    38   38   54   78   27   99   30   82   52  113   41   59 
                      Bs    20   33   45   63   23   42   44   85   57   92   74   69 
        
         Rms  Error: All    32   61   51   68   43   91   38  112   58  130   66   64 
                      Hs    39   61   52   74   29  122   28  124   56  149   39   61 
                      Bs    23   61   50   62   53   40   45  100   60  108   85   68 
       ------------------------------------------------------------------------------
