   *** Text-formatted Bell Statistics
       ----------------------------------------------------------
         Bell Number:       1    2    3    4    5    6    7    8  
       ----------------------------------------------------------
         Mean Error: All    -8   -4   -5    3    6  -11   11   24 
                      Hs    -1   -4   -5  -14   -1   -5   34   19 
                      Bs   -14   -3   -6   20   14  -17  -13   28 
        
         Std  Error: All    44   35   53   54   35   30   43   33 
                      Hs    44   39   54   57   32   28   33   35 
                      Bs    44   31   54   44   35   31   39   31 
        
         Rms  Error: All    44   35   53   54   35   32   44   41 
                      Hs    43   39   53   58   32   29   47   39 
                      Bs    45   31   54   48   38   35   41   42 
       ----------------------------------------------------------
