   *** Text-formatted Bell Statistics
       ------------------------------------------------------------------------------
         Bell Number:       1    2    3    4    5    6    7    8    9    0    E    T  
       ------------------------------------------------------------------------------
         Mean Error: All     4   -5   -3   -2    4    2    0   -3    0    8   -4    0 
                      Hs    -2  -14   -9  -18    1    3   -3   -6   -4    4  -13    3 
                      Bs     9    4    3   13    7    2    3    1    3   12    5   -2 
        
         Std  Error: All    34   34   31   41   28   35   37   24   34   34   31   32 
                      Hs    33   34   32   39   25   37   35   25   29   34   30   33 
                      Bs    34   32   29   37   31   34   38   23   39   35   29   31 
        
         Rms  Error: All    34   35   31   41   28   35   37   24   34   35   31   32 
                      Hs    33   37   33   42   25   37   35   26   29   34   32   33 
                      Bs    35   32   29   39   31   33   38   23   39   37   29   31 
       ------------------------------------------------------------------------------
