   *** Text-formatted Bell Statistics
       ----------------------------------------------------------
         Bell Number:       1    2    3    4    5    6    7    8  
       ----------------------------------------------------------
         Mean Error: All    -7  -11    2   21    5    0   -8   -1 
                      Hs    -3   -6   -4    7  -17    8  -12  -24 
                      Bs   -11  -17    8   35   28   -9   -5   22 
        
         Std  Error: All    34   37   40   52   42   34   27   34 
                      Hs    35   41   42   55   37   35   25   29 
                      Bs    33   31   37   46   35   31   29   23 
        
         Rms  Error: All    35   39   40   57   43   34   29   34 
                      Hs    35   42   42   55   40   36   28   37 
                      Bs    34   35   38   58   45   32   30   31 
       ----------------------------------------------------------
