   *** Text-formatted Bell Statistics
       ------------------------------------------------------------------------------
         Bell Number:       1    2    3    4    5    6    7    8    9    0    E    T  
       ------------------------------------------------------------------------------
         Mean Error: All    24   37    4   24   38    7    5  -10   11  -39  -45  -54 
                      Hs   -12    5  -45   -8   25  -19  -34  -35  -33  -68  -78  -84 
                      Bs    61   69   53   56   51   33   43   15   55  -10  -13  -23 
        
         Std  Error: All   107   98  100   76   84   84  102   74   93   95   87   55 
                      Hs    99   93   97   69   83   83   83   69   80   83   88   46 
                      Bs   103   92   76   70   85   77  106   70   84   97   74   45 
        
         Rms  Error: All   109  104  100   80   92   84  102   74   93  102   98   77 
                      Hs    99   92  107   69   86   85   89   77   86  107  117   96 
                      Bs   119  115   92   89   98   83  113   71  100   97   74   50 
       ------------------------------------------------------------------------------
