   *** Text-formatted Bell Statistics
       ------------------------------------------------------------------------------
         Bell Number:       1    2    3    4    5    6    7    8    9    0    E    T  
       ------------------------------------------------------------------------------
         Mean Error: All    -2   19   20   -7   -2    3   -7   -5   -1  -11  -21   -4 
                      Hs     2   10   20  -14  -33    8  -16  -10    2  -15  -36    8 
                      Bs    -5   29   20    1   30   -2    2   -1   -3   -8   -7  -17 
        
         Std  Error: All    31   35   28   35   59   29   31   51   28   26   35   32 
                      Hs    35   36   28   30   55   30   27   59   32   26   32   32 
                      Bs    26   32   28   38   45   29   32   41   25   26   32   27 
        
         Rms  Error: All    31   40   34   35   59   29   31   51   28   28   41   32 
                      Hs    35   37   34   32   64   30   31   59   31   30   47   32 
                      Bs    26   43   34   37   53   28   31   40   24   27   33   31 
       ------------------------------------------------------------------------------
