   *** Text-formatted Bell Statistics
       ------------------------------------------------------------------------------
         Bell Number:       1    2    3    4    5    6    7    8    9    0    E    T  
       ------------------------------------------------------------------------------
         Mean Error: All    -1   -4   -8   10    1   10   -7    0    2   13   -7   -9 
                      Hs    -4  -15   -2   -6   -3    3  -12   -6    1   10  -18  -17 
                      Bs     2    7  -13   25    6   17   -3    7    2   16    3   -1 
        
         Std  Error: All    28   36   38   39   35   36   28   35   30   37   35   31 
                      Hs    29   40   33   36   33   36   28   34   27   38   37   30 
                      Bs    27   29   43   34   36   34   28   35   33   37   31   30 
        
         Rms  Error: All    28   37   39   40   35   37   29   35   30   39   36   32 
                      Hs    29   43   33   37   33   36   31   34   27   39   41   34 
                      Bs    27   30   44   42   37   38   28   36   33   40   31   30 
       ------------------------------------------------------------------------------
