   *** Text-formatted Bell Statistics
       ------------------------------------------------------------------------------
         Bell Number:       1    2    3    4    5    6    7    8    9    0    E    T  
       ------------------------------------------------------------------------------
         Mean Error: All    -3   25  -13   25   19    4   16   -2   -5  -29  -13  -14 
                      Hs   -11    8  -30   24  -16   12   19   -9    7  -31  -29    2 
                      Bs     5   41    4   26   53   -3   13    5  -18  -27    2  -30 
        
         Std  Error: All    82   48   61   46   57   48   51   40   64   50   52   55 
                      Hs    86   44   72   45   46   43   50   37   62   50   48   56 
                      Bs    77   46   42   47   45   51   51   43   63   50   51   50 
        
         Rms  Error: All    82   53   62   52   60   48   53   40   64   57   53   57 
                      Hs    86   44   78   50   49   44   53   38   62   59   56   56 
                      Bs    77   61   42   53   69   51   53   43   65   56   51   58 
       ------------------------------------------------------------------------------
