   *** Text-formatted Bell Statistics
       ------------------------------------------------------------------------------
         Bell Number:       1    2    3    4    5    6    7    8    9    0    E    T  
       ------------------------------------------------------------------------------
         Mean Error: All   -12   -7    3    7    8    8   -7    3   -1  -10   -2   12 
                      Hs   -21  -15    2    0   -3   12   -7   -5   -2  -14  -13   19 
                      Bs    -4    1    3   14   18    4   -7   11    0   -6    9    5 
        
         Std  Error: All    29   32   33   38   36   35   29   25   30   36   34   30 
                      Hs    27   33   33   38   35   37   30   22   26   36   32   33 
                      Bs    29   30   33   37   33   32   29   26   34   35   32   26 
        
         Rms  Error: All    32   33   33   39   36   36   30   25   30   37   34   33 
                      Hs    34   36   33   38   35   39   31   22   26   38   35   38 
                      Bs    29   29   33   40   38   32   29   28   34   36   33   26 
       ------------------------------------------------------------------------------
