   *** Text-formatted Bell Statistics
       ------------------------------------------------------------------------------
         Bell Number:       1    2    3    4    5    6    7    8    9    0    E    T  
       ------------------------------------------------------------------------------
         Mean Error: All    -5   34  -12    3    0  -20    6    0   16  -14   -3    0 
                      Hs   -13   25  -30    0  -31  -23   12   -6   35  -31  -13    1 
                      Bs     3   42    6    6   31  -17   -1    6   -3    2    8   -1 
        
         Std  Error: All    42   42   67   42   51   47   52   43   60   62   41   30 
                      Hs    39   42   67   42   37   50   45   45   58   56   36   31 
                      Bs    44   40   61   41   44   44   58   40   55   63   42   29 
        
         Rms  Error: All    42   53   68   42   51   51   52   43   62   63   41   30 
                      Hs    41   48   73   42   48   55   46   45   67   63   39   31 
                      Bs    44   58   61   41   54   47   58   41   55   63   43   29 
       ------------------------------------------------------------------------------
