   *** Text-formatted Bell Statistics
       ------------------------------------------------------------------------------
         Bell Number:       1    2    3    4    5    6    7    8    9    0    E    T  
       ------------------------------------------------------------------------------
         Mean Error: All    -4   -2    2    3    6    4    0   -4   -3    9   -1  -10 
                      Hs    -9  -13   -3   -8   -4    1   -8   -8   -7    1  -10  -10 
                      Bs     2   10    8   14   16    8    7    1    0   17    8  -10 
        
         Std  Error: All    29   34   29   33   30   34   31   25   31   38   33   28 
                      Hs    31   34   30   32   31   35   32   26   30   36   35   31 
                      Bs    26   30   27   30   25   32   27   23   32   38   29   25 
        
         Rms  Error: All    29   34   29   33   30   34   31   25   32   39   33   30 
                      Hs    32   36   30   33   31   35   33   27   31   36   36   33 
                      Bs    26   31   28   33   30   32   28   23   32   41   30   27 
       ------------------------------------------------------------------------------
