   *** Text-formatted Bell Statistics
       ------------------------------------------------------------------------------
         Bell Number:       1    2    3    4    5    6    7    8    9    0    E    T  
       ------------------------------------------------------------------------------
         Mean Error: All     0   46    2   -7   -2   17  -19   34   -4  -21  -20  -33 
                      Hs     4   54   13   -9  -18   14  -20   37    1  -25  -27  -11 
                      Bs    -4   39  -10   -5   14   19  -18   32   -9  -16  -14  -55 
        
         Std  Error: All    55   59   54   45   57   48   50   56   49   51   65   61 
                      Hs    49   64   51   47   59   46   44   53   54   54   59   58 
                      Bs    60   53   56   43   51   50   55   59   42   48   70   56 
        
         Rms  Error: All    54   75   54   45   57   51   53   65   49   55   68   69 
                      Hs    48   83   52   47   61   48   48   64   54   59   64   58 
                      Bs    60   66   56   43   53   53   58   66   43   51   71   78 
       ------------------------------------------------------------------------------
