   *** Text-formatted Bell Statistics
       ----------------------------------------------------------
         Bell Number:       1    2    3    4    5    6    7    8  
       ----------------------------------------------------------
         Mean Error: All     0   -4   14    7   11  -14  -14    1 
                      Hs     1    1    8   -8   -2   -6  -13  -10 
                      Bs    -1   -9   20   21   25  -21  -14   12 
        
         Std  Error: All    34   36   44   55   45   37   29   35 
                      Hs    31   41   39   58   45   40   31   37 
                      Bs    38   29   47   48   41   32   28   28 
        
         Rms  Error: All    34   36   46   55   46   39   32   35 
                      Hs    31   41   40   58   45   40   34   38 
                      Bs    38   31   51   52   48   38   31   31 
       ----------------------------------------------------------
