   1     1  12345678                                                                  
   2     9  12345678                                                                  =
   3    17  12345678                                                                  =
   4    25  12345678                                                                  =
   5    33  12345678                                                                  =
   6    41  12345678                                                                  =
   7    49  12345678                                                                  =
   8    57  12345678                                                                  =
   9    65  12345678                                                                  =
  10    73  12345678                                                                  =
  11    81  12345678                                                                  =
  12    89  12345678                                                                  =
  13    97  12345678                                                                  =
  14   105  12345678                                                                  =
  15   113  12345678                                                                  =
  16   121  12345678                                                                  =
  17   129  12345678                                                                  =
  18   137  12345678                                                                  =
  19   145  21436578                                                                  7
  20   153  24163758                                                                  1
  21   161  42617358                                                                  7
  22   169  46271538                                                                  1
  23   177  64725138                                                                  7
  24   185  67452318                                                                  1
  25   193  76543218                                                                  7
  26   201  75634128                                                                  1
  27   209  57361428                                                                  7
  28   217  53716248                                                                  1
  29   225  35172648                                                                  7
  30   233  31527468                                                                  1
  31   241  13254768                                                                  7
  32   249  12357468                                                                  47
  33   257  21534768                                                                  7
  34   265  25143678                                                                  1
  35   273  52416378                                                                  7
  36   281  54261738                                                                  1
  37   289  45627138                                                                  7
  38   297  46572318                                                                  1
  39   305  64753218                                                                  7
  40   313  67435128                                                                  1
  41   321  76341528                                                                  7
  42   329  73614258                                                                  1
  43   337  37162458                                                                  7
  44   345  31726548                                                                  1
  45   353  13275648                                                                  7
  46   361  13726548                                                                  27
  47   369  31275648                                                                  7
  48   377  32157468                                                                  1
  49   385  23514768                                                                  7
  50   393  25341678                                                                  1
  51   401  52436178                                                                  7
  52   409  54263718                                                                  1
  53   417  45627318                                                                  7
  54   425  46572138                                                                  1
  55   433  64751238                                                                  7
  56   441  67415328                                                                  1
  57   449  76143528                                                                  7
  58   457  71634258                                                                  1
  59   465  17362458                                                                  7
  60   473  17634258                                                                  27
  61   481  71362458                                                                  7
  62   489  73126548                                                                  1
  63   497  37215648                                                                  7
  64   505  32751468                                                                  1
  65   513  23574168                                                                  7
  66   521  25347618                                                                  1
  67   529  52436718                                                                  7
  68   537  54263178                                                                  1
  69   545  45621378                                                                  7
  70   553  46512738                                                                  1
  71   561  64157238                                                                  7
  72   569  61475328                                                                  1
  73   577  16743528                                                                  7
  74   585  17643528                                                                  4567
  75   593  71346528                                                                  ?(12)(35)
  76   601  74316258                                                                  ?(24)(67)
  77   609  47312658                                                                  347
  78   617  43721568                                                                  1
  79   625  34275168                                                                  7
  80   633  32457618                                                                  1
  81   641  23546718                                                                  7
  82   649  25364178                                                                  1
  83   657  52631478                                                                  7
  84   665  56213748                                                                  1
  85   673  65127348                                                                  7
  86   681  61572438                                                                  1
  87   689  16754238                                                                  7
  88   697  16572438                                                                  27
  89   705  61754238                                                                  7
  90   713  67145328                                                                  1
  91   721  76413528                                                                  7
  92   729  74631258                                                                  1
  93   737  47362158                                                                  7
  94   745  43726518                                                                  1
  95   753  34275618                                                                  7
  96   761  32457168                                                                  1
  97   769  23541768                                                                  7
  98   777  25314678                                                                  1
  99   785  52136478                                                                  7
 100   793  51263748                                                                  1
 101   801  15627348                                                                  7
 102   809  15263748                                                                  27
 103   817  51627348                                                                  7
 104   825  56172438                                                                  1
 105   833  65714238                                                                  7
 106   841  67541328                                                                  1
 107   849  76453128                                                                  7
 108   857  74635218                                                                  1
 109   865  47362518                                                                  7
 110   873  43726158                                                                  1
 111   881  34271658                                                                  7
 112   889  32417568                                                                  1
 113   897  23145768                                                                  7
 114   905  21354678                                                                  1
 115   913  12536478                                                                  7
 116   921  15234678                                                                  47
 117   929  51326478                                                                  7
 118   937  53162748                                                                  1
 119   945  35617248                                                                  7
 120   953  36571428                                                                  1
 121   961  63754128                                                                  7
 122   969  67345218                                                                  1
 123   977  76432518                                                                  7
 124   985  74623158                                                                  1
 125   993  47261358                                                                  7
 126  1001  42716538                                                                  1
 127  1009  24175638                                                                  7
 128  1017  21457368                                                                  1
 129  1025  12547368                                                                  567
 130  1033  12457368                                                                  2567
 131  1041  21543768                                                                  7
 132  1049  25134678                                                                  1
 133  1057  52316478                                                                  7
 134  1065  53261748                                                                  1
 135  1073  35627148                                                                  7
 136  1081  36572418                                                                  1
 137  1089  63754218                                                                  7
 138  1097  67345128                                                                  1
 139  1105  76431528                                                                  7
 140  1113  74613258                                                                  1
 141  1121  47162358                                                                  7
 142  1129  41726538                                                                  1
 143  1137  14275638                                                                  7
 144  1145  14726538                                                                  27
 145  1153  41275638                                                                  7
 146  1161  42157368                                                                  1
 147  1169  24513768                                                                  7
 148  1177  25431678                                                                  1
 149  1185  52346178                                                                  7
 150  1193  53264718                                                                  1
 151  1201  35627418                                                                  7
 152  1209  36572148                                                                  1
 153  1217  63751248                                                                  7
 154  1225  67315428                                                                  1
 155  1233  76134528                                                                  7
 156  1241  71643258                                                                  1
 157  1249  17462358                                                                  7
 158  1257  14763258                                                                  47
 159  1265  41672358                                                                  7
 160  1273  46127538                                                                  1
 161  1281  64215738                                                                  7
 162  1289  62451378                                                                  1
 163  1297  26543178                                                                  7
 164  1305  25634718                                                                  1
 165  1313  52367418                                                                  7
 166  1321  53276148                                                                  1
 167  1329  35721648                                                                  7
 168  1337  37512468                                                                  1
 169  1345  73154268                                                                  7
 170  1353  71345628                                                                  1
 171  1361  17436528                                                                  7
 172  1369  17345628                                                                  27
 173  1377  71436528                                                                  7
 174  1385  74163258                                                                  1
 175  1393  47612358                                                                  7
 176  1401  46721538                                                                  1
 177  1409  64275138                                                                  7
 178  1417  62457318                                                                  1
 179  1425  26543718                                                                  7
 180  1433  25634178                                                                  1
 181  1441  52361478                                                                  7
 182  1449  53216748                                                                  1
 183  1457  35127648                                                                  7
 184  1465  31572468                                                                  1
 185  1473  13754268                                                                  7
 186  1481  13572468                                                                  27
 187  1489  31754268                                                                  7
 188  1497  37145628                                                                  1
 189  1505  73416528                                                                  7
 190  1513  74361258                                                                  1
 191  1521  47632158                                                                  7
 192  1529  46723518                                                                  1
 193  1537  64275318                                                                  7
 194  1545  62457138                                                                  1
 195  1553  26541738                                                                  7
 196  1561  25614378                                                                  1
 197  1569  52163478                                                                  7
 198  1577  51236748                                                                  1
 199  1585  15327648                                                                  7
 200  1593  13526748                                                                  47
 201  1601  31257648                                                                  7
 202  1609  32175468                                                                  1
 203  1617  23714568                                                                  7
 204  1625  27341658                                                                  1
 205  1633  72436158                                                                  7
 206  1641  74263518                                                                  1
 207  1649  47625318                                                                  7
 208  1657  46752138                                                                  1
 209  1665  64571238                                                                  7
 210  1673  65417328                                                                  1
 211  1681  56143728                                                                  7
 212  1689  51634278                                                                  1
 213  1697  15362478                                                                  7
 214  1705  15634278                                                                  27
 215  1713  51362478                                                                  7
 216  1721  53126748                                                                  1
 217  1729  35217648                                                                  7
 218  1737  32574168                                                                  ?
 219  1745  23754168                                                                  567
 220  1753  27435618                                                                  ?
 221  1761  74236518                                                                  ?
 222  1769  74263158                                                                  23
 223  1777  47621358                                                                  7
 224  1785  46712538                                                                  1
 225  1793  64175238                                                                  7
 226  1801  61457328                                                                  1
 227  1809  16543728                                                                  7
 228  1817  16457328                                                                  27
 229  1825  61543728                                                                  7
 230  1833  65134278                                                                  1
 231  1841  56312478                                                                  7
 232  1849  53621748                                                                  1
 233  1857  35267148                                                                  7
 234  1865  32576418                                                                  1
 235  1873  23754618                                                                  7
 236  1881  27345168                                                                  1
 237  1889  72431568                                                                  7
 238  1897  74213658                                                                  1
 239  1905  47126358                                                                  7
 240  1913  41762538                                                                  1
 241  1921  14675238                                                                  7
 242  1929  16472538                                                                  47
 243  1937  61745238                                                                  7
 244  1945  67154328                                                                  1
 245  1953  76513428                                                                  7
 246  1961  75631248                                                                  1
 247  1969  57362148                                                                  7
 248  1977  53726418                                                                  1
 249  1985  35274618                                                                  7
 250  1993  32547168                                                                  1
 251  2001  23451768                                                                  7
 252  2009  24315678                                                                  1
 253  2017  42136578                                                                  7
 254  2025  41263758                                                                  1
 255  2033  14627358                                                                  7
 256  2041  14263758                                                                  27
 257  2049  41627358                                                                  7
 258  2057  46172538                                                                  1
 259  2065  64715238                                                                  7
 260  2073  67451328                                                                  1
 261  2081  76543128                                                                  7
 262  2089  75634218                                                                  1
 263  2097  57362418                                                                  7
 264  2105  53726148                                                                  1
 265  2113  35271648                                                                  7
 266  2121  32517468                                                                  1
 267  2129  23154768                                                                  7
 268  2137  21345678                                                                  1
 269  2145  12436578                                                                  7
 270  2153  12345678                                                                  27
 271  2161  12345678                                                                  =
 272  2169  12345678                                                                  =
