   *** Text-formatted Bell Statistics
       ------------------------------------------------------------------------------
         Bell Number:       1    2    3    4    5    6    7    8    9    0    E    T  
       ------------------------------------------------------------------------------
         Mean Error: All    -7    1    1    1    1    1    5   -4   -2    4    0   -2 
                      Hs   -14   -9   -4  -11   -3   -2    3  -12  -12   -3   -3    1 
                      Bs     0   12    6   13    6    3    6    4    7   11    4   -6 
        
         Std  Error: All    29   32   27   35   31   34   33   27   32   34   30   31 
                      Hs    29   32   28   33   30   35   31   28   31   35   29   34 
                      Bs    28   29   25   33   32   33   34   23   32   32   31   27 
        
         Rms  Error: All    30   32   27   35   31   34   33   27   32   35   30   31 
                      Hs    33   33   28   34   30   35   31   30   33   35   29   34 
                      Bs    28   31   26   35   32   33   35   23   32   34   31   28 
       ------------------------------------------------------------------------------
