   *** Text-formatted Bell Statistics
       ------------------------------------------------------------------------------
         Bell Number:       1    2    3    4    5    6    7    8    9    0    E    T  
       ------------------------------------------------------------------------------
         Mean Error: All    -2    2    4    9    1   13    6    1   -7  -34   -1    8 
                      Hs    -9   -5   -3   -3   -5   11    4   -7   -7  -31   -6   11 
                      Bs     5   10   11   20    7   15    9    8   -6  -37    4    5 
        
         Std  Error: All    31   31   30   38   32   34   30   28   31   35   30   29 
                      Hs    29   30   31   36   31   35   29   27   27   36   31   32 
                      Bs    31   30   26   36   32   33   30   27   35   34   28   25 
        
         Rms  Error: All    31   31   30   39   32   37   31   28   31   49   30   30 
                      Hs    31   30   31   36   31   37   30   28   27   48   32   34 
                      Bs    31   31   28   41   32   36   32   28   35   50   28   25 
       ------------------------------------------------------------------------------
