   *** Text-formatted Bell Statistics
       ------------------------------------------------------------------------------
         Bell Number:       1    2    3    4    5    6    7    8    9    0    E    T  
       ------------------------------------------------------------------------------
         Mean Error: All    -6   -5    2   -4   -3   -1   -6    7    0    6    1   10 
                      Hs   -12  -11    2  -15  -12    0  -11    4   -1    1   -9   13 
                      Bs     0    1    2    8    6   -2   -1   10    0   10   11    6 
        
         Std  Error: All    33   35   34   39   32   39   34   30   39   44   35   31 
                      Hs    37   35   35   42   30   42   36   32   38   42   36   33 
                      Bs    27   33   34   33   33   36   31   27   40   46   31   29 
        
         Rms  Error: All    33   35   34   39   33   39   35   30   39   44   35   33 
                      Hs    39   37   35   44   32   42   38   32   38   42   37   36 
                      Bs    27   33   34   34   33   36   31   28   40   46   33   30 
       ------------------------------------------------------------------------------
