   *** Text-formatted Bell Statistics
       ------------------------------------------------------------------------------
         Bell Number:       1    2    3    4    5    6    7    8    9    0    E    T  
       ------------------------------------------------------------------------------
         Mean Error: All   -10    9   22    4    3    9   -2    0   -4  -13  -16   -6 
                      Hs   -11    6   29   -3  -26   14   -8   -5   -5  -14  -25   14 
                      Bs    -9   12   14   11   31    4    3    5   -3  -12   -8  -25 
        
         Std  Error: All    34   40   33   38   49   32   27   43   34   38   35   42 
                      Hs    33   40   29   38   36   31   27   42   33   42   33   39 
                      Bs    35   39   36   36   43   34   27   44   35   35   34   35 
        
         Rms  Error: All    35   41   40   38   49   34   27   43   34   40   38   42 
                      Hs    35   40   41   38   44   33   28   42   34   44   41   41 
                      Bs    36   41   38   38   53   34   27   44   35   37   35   43 
       ------------------------------------------------------------------------------
