   *** Text-formatted Bell Statistics
       ------------------------------------------------------------------------------
         Bell Number:       1    2    3    4    5    6    7    8    9    0    E    T  
       ------------------------------------------------------------------------------
         Mean Error: All     0  -10   -5   -3    5   15   -3    5   -7   16    5  -17 
                      Hs   -12  -23    3  -16   -3   17   -8    0   -7   13   -3  -24 
                      Bs    13    3  -12   11   13   12    1   10   -6   19   13  -10 
        
         Std  Error: All    29   34   34   43   34   34   33   34   31   38   38   33 
                      Hs    28   33   31   45   31   35   32   37   26   37   41   37 
                      Bs    24   30   35   36   34   33   33   30   35   39   34   28 
        
         Rms  Error: All    29   35   34   43   34   37   33   34   32   41   39   37 
                      Hs    30   40   31   48   31   38   33   37   27   39   41   44 
                      Bs    27   30   37   37   37   35   33   32   36   43   36   29 
       ------------------------------------------------------------------------------
