   *** Text-formatted Bell Statistics
       ------------------------------------------------------------------------------
         Bell Number:       1    2    3    4    5    6    7    8    9    0    E    T  
       ------------------------------------------------------------------------------
         Mean Error: All    -2   -7   10    8   -3   17  -11    2    3   -6  -11    1 
                      Hs    -7  -13   21   -6  -25   24  -17  -12    0   -8  -16   20 
                      Bs     3   -1   -1   21   19    9   -6   16    5   -4   -6  -19 
        
         Std  Error: All    26   30   34   33   41   34   27   43   32   32   33   35 
                      Hs    27   30   30   31   36   33   26   45   32   35   30   30 
                      Bs    25   29   34   30   33   33   27   36   32   28   35   30 
        
         Rms  Error: All    26   30   35   34   41   38   29   43   32   32   35   35 
                      Hs    27   32   36   31   44   41   31   46   32   36   34   35 
                      Bs    26   28   34   37   38   35   27   39   32   28   35   35 
       ------------------------------------------------------------------------------
