   *** Text-formatted Bell Statistics
       --------------------------------------------------------------------
         Bell Number:       1    2    3    4    5    6    7    8    9    0  
       --------------------------------------------------------------------
         Mean Error: All    15   -3    7   -7  -14   -6    7   12    1  -13 
                      Hs     9    1   -8   -7  -20  -10   13   -1  -15  -16 
                      Bs    20   -6   22   -8   -7   -2    1   25   17  -10 
        
         Std  Error: All    27   33   32   29   30   27   47   34   40   41 
                      Hs    24   29   28   30   29   31   53   33   43   45 
                      Bs    28   36   29   28   30   22   38   30   29   36 
        
         Rms  Error: All    30   33   33   30   33   28   47   36   40   43 
                      Hs    25   29   29   30   35   32   55   32   46   47 
                      Bs    35   36   37   29   30   22   38   39   33   37 
       --------------------------------------------------------------------
