   1     1  1234567890                                                                                                      
   2    11  1234567890                                                                                                      =
   3    21  1234567890                                                                                                      =
   4    31  1234567890                                                                                                      =
   5    41  1234567890                                                                                                      =
   6    51  1234567890                                                                                                      =
   7    61  1234567890                                                                                                      =
   8    71  1234567890                                                                                                      =
   9    81  1234567890                                                                                                      =
  10    91  1234567890                                                                                                      =
  11   101  1234567890                                                                                                      =
  12   111  1234567890                                                                                                      =
  13   121  1234567890                                                                                                      =
  14   131  1234567890                                                                                                      =
  15   141  1234567890                                                                                                      =
  16   151  1234567890                                                                                                      =
  17   161  2143658790                                                                                                      9
  18   171  1246385970                                                                                                      3
  19   181  1423658790                                                                                                      1
  20   191  4126385970                                                                                                      3
  21   201  4213658790                                                                                                      1
  22   211  2416385970                                                                                                      3
  23   221  4261835970                                                                                                      789
  24   231  2468153790                                                                                                      3
  25   241  2641835970                                                                                                      1
  26   251  6248153790                                                                                                      3
  27   261  6421835970                                                                                                      1
  28   271  4628153790                                                                                                      3
  29   281  6482517390                                                                                                      9
  30   291  4685271930                                                                                                      3
  31   301  4862517390                                                                                                      1
  32   311  8465271930                                                                                                      3
  33   321  8642517390                                                                                                      1
  34   331  6845271930                                                                                                      3
  35   341  8654729130                                                                                                      9
  36   351  6857492310                                                                                                      3
  37   361  6584729130                                                                                                      1
  38   371  5687492310                                                                                                      3
  39   381  5864729130                                                                                                      1
  40   391  8567492310                                                                                                      3
  41   401  5876942130                                                                                                      7
  42   411  8579624310                                                                                                      3
  43   421  8756942130                                                                                                      1
  44   431  7859624310                                                                                                      3
  45   441  7586942130                                                                                                      1
  46   451  5789624310                                                                                                      3
  47   461  7598263410                                                                                                      9
  48   471  5792836140                                                                                                      3
  49   481  5978263410                                                                                                      1
  50   491  9572836140                                                                                                      3
  51   501  9758263410                                                                                                      1
  52   511  7952836140                                                                                                      3
  53   521  9725381640                                                                                                      9
  54   531  7923518460                                                                                                      3
  55   541  7295381640                                                                                                      1
  56   551  2793518460                                                                                                      3
  57   561  2975381640                                                                                                      1
  58   571  9273518460                                                                                                      3
  59   581  2937158460                                                                                                      789
  60   591  9231785640                                                                                                      3
  61   601  9327158460                                                                                                      1
  62   611  3921785640                                                                                                      3
  63   621  3297158460                                                                                                      1
  64   631  2391785640                                                                                                      3
  65   641  3219876540                                                                                                      9
  66   651  2318967450                                                                                                      3
  67   661  2139876540                                                                                                      1
  68   671  1238967450                                                                                                      3
  69   681  1329876540                                                                                                      1
  70   691  3128967450                                                                                                      3
  71   701  1382697540                                                                                                      7
  72   711  3186279450                                                                                                      3
  73   721  3812697540                                                                                                      1
  74   731  8316279450                                                                                                      3
  75   741  8132697540                                                                                                      1
  76   751  1836279450                                                                                                      3
  77   761  8163729540                                                                                                      7
  78   771  1867392450                                                                                                      3
  79   781  1683729540                                                                                                      1
  80   791  6187392450                                                                                                      3
  81   801  6813729540                                                                                                      1
  82   811  8617392450                                                                                                      3
  83   821  6871932540                                                                                                      7
  84   831  8679123450                                                                                                      3
  85   841  8761932540                                                                                                      1
  86   851  7869123450                                                                                                      3
  87   861  7681932540                                                                                                      1
  88   871  6789123450                                                                                                      3
  89   881  7698214350                                                                                                      9
  90   891  6792841530                                                                                                      3
  91   901  6978214350                                                                                                      1
  92   911  9672841530                                                                                                      3
  93   921  9768214350                                                                                                      1
  94   931  7962841530                                                                                                      3
  95   941  9726485130                                                                                                      9
  96   951  7924658310                                                                                                      3
  97   961  7296485130                                                                                                      1
  98   971  2794658310                                                                                                      3
  99   981  2976485130                                                                                                      1
 100   991  9274658310                                                                                                      3
 101  1001  2947563810                                                                                                      9
 102  1011  9245736180                                                                                                      3
 103  1021  9427563810                                                                                                      1
 104  1031  4925736180                                                                                                      3
 105  1041  4297563810                                                                                                      1
 106  1051  2495736180                                                                                                      3
 107  1061  4259371680                                                                                                      9
 108  1071  2453917860                                                                                                      3
 109  1081  2549371680                                                                                                      1
 110  1091  5243917860                                                                                                      3
 111  1101  5429371680                                                                                                      1
 112  1111  4523917860                                                                                                      3
 113  1121  5432198760                                                                                                      9
 114  1131  4531289670                                                                                                      3
 115  1141  4352198760                                                                                                      1
 116  1151  3451289670                                                                                                      3
 117  1161  3542198760                                                                                                      1
 118  1171  5341289670                                                                                                      3
 119  1181  3514829760                                                                                                      7
 120  1191  5318492670                                                                                                      3
 121  1201  5134829760                                                                                                      1
 122  1211  1538492670                                                                                                      3
 123  1221  1354829760                                                                                                      1
 124  1231  3158492670                                                                                                      3
 125  1241  1385942760                                                                                                      7
 126  1251  3189524670                                                                                                      3
 127  1261  3815942760                                                                                                      1
 128  1271  8319524670                                                                                                      3
 129  1281  8135942760                                                                                                      1
 130  1291  1839524670                                                                                                      3
 131  1301  8193254760                                                                                                      7
 132  1311  1892345670                                                                                                      3
 133  1321  1983254760                                                                                                      1
 134  1331  9182345670                                                                                                      3
 135  1341  9813254760                                                                                                      1
 136  1351  8912345670                                                                                                      3
 137  1361  9821436570                                                                                                      9
 138  1371  8924163750                                                                                                      3
 139  1381  8291436570                                                                                                      1
 140  1391  2894163750                                                                                                      3
 141  1401  2981436570                                                                                                      1
 142  1411  9284163750                                                                                                      3
 143  1421  2948617350                                                                                                      9
 144  1431  9246871530                                                                                                      3
 145  1441  9428617350                                                                                                      1
 146  1451  4926871530                                                                                                      3
 147  1461  4298617350                                                                                                      1
 148  1471  2496871530                                                                                                      3
 149  1481  4269785130                                                                                                      9
 150  1491  2467958310                                                                                                      3
 151  1501  2649785130                                                                                                      1
 152  1511  6247958310                                                                                                      3
 153  1521  6429785130                                                                                                      1
 154  1531  4627958310                                                                                                      3
 155  1541  6472593810                                                                                                      9
 156  1551  4675239180                                                                                                      3
 157  1561  4762593810                                                                                                      1
 158  1571  7465239180                                                                                                      3
 159  1581  7642593810                                                                                                      1
 160  1591  6745239180                                                                                                      3
 161  1601  7654321980                                                                                                      9
 162  1611  6753412890                                                                                                      3
 163  1621  6574321980                                                                                                      1
 164  1631  5673412890                                                                                                      3
 165  1641  5764321980                                                                                                      1
 166  1651  7563412890                                                                                                      3
 167  1661  5736142980                                                                                                      7
 168  1671  7531624890                                                                                                      3
 169  1681  7356142980                                                                                                      1
 170  1691  3751624890                                                                                                      3
 171  1701  3576142980                                                                                                      1
 172  1711  5371624890                                                                                                      3
 173  1721  3517264980                                                                                                      7
 174  1731  5312746890                                                                                                      3
 175  1741  5137264980                                                                                                      1
 176  1751  1532746890                                                                                                      3
 177  1761  1357264980                                                                                                      1
 178  1771  3152746890                                                                                                      3
 179  1781  1325476980                                                                                                      7
 180  1791  3124567890                                                                                                      3
 181  1801  3215476980                                                                                                      1
 182  1811  2314567890                                                                                                      3
 183  1821  2135476980                                                                                                      1
 184  1831  1234567890                                                                                                      3
 185  1841  1234567890                                                                                                      =
 186  1851  1234567890                                                                                                      =
 187  1861  1234567890                                                                                                      =
 188  1871  1234567890                                                                                                      =
