   *** Text-formatted Bell Statistics
       ------------------------------------------------------------------------------
         Bell Number:       1    2    3    4    5    6    7    8    9    0    E    T  
       ------------------------------------------------------------------------------
         Mean Error: All    11   35   -8    3   22    1  -10    6   -2  -19  -39    3 
                      Hs    -3   43  -27    5   -4   25   -9   12   10  -23  -60   14 
                      Bs    24   27   10    2   49  -23  -12    1  -14  -15  -19   -8 
        
         Std  Error: All    70   65  112   40   56   52   42   39   48   50   73   61 
                      Hs    74   60  126   45   60   54   35   33   52   45   73   65 
                      Bs    64   69   95   35   36   38   47   43   41   54   69   55 
        
         Rms  Error: All    71   73  112   40   60   52   43   39   48   53   83   61 
                      Hs    74   73  128   44   60   58   36   35   52   50   94   66 
                      Bs    68   73   94   34   60   44   48   43   43   55   70   55 
       ------------------------------------------------------------------------------
