   *** Text-formatted Bell Statistics
       ------------------------------------------------------------------------------
         Bell Number:       1    2    3    4    5    6    7    8    9    0    E    T  
       ------------------------------------------------------------------------------
         Mean Error: All     2   17   -1    9    1   15  -11   -6   -1   -6   -6  -12 
                      Hs    -2    8    6  -11  -15   18  -17   -5    4   -3  -18  -24 
                      Bs     6   26   -7   29   18   12   -5   -8   -7   -9    6    0 
        
         Std  Error: All    47   36   43   46   37   42   39   42   35   42   37   36 
                      Hs    34   34   37   39   33   43   37   48   28   46   36   38 
                      Bs    57   35   47   43   32   41   41   36   40   38   34   31 
        
         Rms  Error: All    47   39   43   47   37   45   40   43   35   42   37   38 
                      Hs    34   35   37   41   36   46   40   48   29   46   40   44 
                      Bs    57   43   47   52   37   43   41   36   40   39   34   31 
       ------------------------------------------------------------------------------
