   *** Text-formatted Bell Statistics
       ------------------------------------------------------------------------------
         Bell Number:       1    2    3    4    5    6    7    8    9    0    E    T  
       ------------------------------------------------------------------------------
         Mean Error: All    26   45   -5  -40   10  -39  -45  -16   -5   -6    2   50 
                      Hs    47   20  -17  -48   -9  -51  -34  -13   21  -35   -5   47 
                      Bs     4   70    8  -32   30  -27  -55  -19  -32   23    8   53 
        
         Std  Error: All    40   45   44   43   59   40   52   39   50   48   33   40 
                      Hs    30   45   37   45   60   41   59   45   49   46   35   44 
                      Bs    37   29   47   40   52   35   43   33   33   29   29   37 
        
         Rms  Error: All    47   63   44   58   60   55   68   42   49   48   32   64 
                      Hs    56   48   40   65   60   65   68   46   53   57   35   64 
                      Bs    37   76   47   51   59   44   69   38   45   37   30   64 
       ------------------------------------------------------------------------------
