   *** Text-formatted Bell Statistics
       ------------------------------------------------------------------------------
         Bell Number:       1    2    3    4    5    6    7    8    9    0    E    T  
       ------------------------------------------------------------------------------
         Mean Error: All   -24   33    4   22    7    2   -6    0  -10   -7    1  -20 
                      Hs   -22   33   17   17  -13    3   -9   -8   -7   -9   -5    1 
                      Bs   -27   34   -9   26   26    0   -3    7  -13   -5    6  -42 
        
         Std  Error: All    39   53   44   48   43   43   35   53   52   54   48   50 
                      Hs    39   58   41   46   35   43   36   55   53   47   48   49 
                      Bs    40   49   43   49   42   43   34   49   50   60   49   42 
        
         Rms  Error: All    46   63   44   52   44   43   36   52   53   54   48   54 
                      Hs    44   66   45   49   37   43   37   55   53   48   48   48 
                      Bs    48   59   44   55   49   43   34   49   52   60   49   59 
       ------------------------------------------------------------------------------
