   *** Text-formatted Bell Statistics
       ------------------------------------------------------------------------------
         Bell Number:       1    2    3    4    5    6    7    8    9    0    E    T  
       ------------------------------------------------------------------------------
         Mean Error: All     9    6    4   13   10   21   -8    5   -1  -37   -7  -16 
                      Hs    -3   -3    9   -7    3   18  -10    1   -1  -38  -16  -29 
                      Bs    22   15   -1   32   17   25   -6    9   -1  -36    2   -4 
        
         Std  Error: All    30   32   38   42   34   35   34   34   31   43   34   30 
                      Hs    28   32   37   39   36   34   36   31   26   42   38   30 
                      Bs    28   30   38   35   31   36   31   36   35   44   27   25 
        
         Rms  Error: All    32   33   38   44   36   41   34   34   31   57   34   34 
                      Hs    28   32   37   39   36   38   37   31   26   56   41   41 
                      Bs    35   33   38   48   35   43   31   37   35   57   27   26 
       ------------------------------------------------------------------------------
