   *** Text-formatted Bell Statistics
       ------------------------------------------------------------------------------
         Bell Number:       1    2    3    4    5    6    7    8    9    0    E    T  
       ------------------------------------------------------------------------------
         Mean Error: All    -2    3   -1   10    5   16   -3   -4    9  -38  -15   19 
                      Hs    -7    1  -10    2   -6   18   -5   -9   10  -33  -18   21 
                      Bs     4    6    8   17   15   14   -1    1    8  -43  -13   17 
        
         Std  Error: All    30   30   31   37   35   39   33   30   28   38   37   29 
                      Hs    31   32   31   39   34   41   34   30   28   39   41   31 
                      Bs    28   28   28   32   32   36   32   28   28   38   32   28 
        
         Rms  Error: All    30   30   31   38   35   42   33   30   29   54   40   35 
                      Hs    32   32   33   39   35   45   35   31   30   51   44   37 
                      Bs    28   29   29   36   35   38   32   28   29   57   34   33 
       ------------------------------------------------------------------------------
