   *** Text-formatted Bell Statistics
       ------------------------------------------------------------------------------
         Bell Number:       1    2    3    4    5    6    7    8    9    0    E    T  
       ------------------------------------------------------------------------------
         Mean Error: All     8   55    7   17   -9  -22  -40    1  -11  -10  -16   15 
                      Hs    -7   44   12   14  -28  -28  -52   -6   -5  -11  -28   23 
                      Bs    22   66    3   21   10  -16  -27    8  -17   -9   -4    7 
        
         Std  Error: All    22   24   21   18   25   23   21   22   39   18   33   23 
                      Hs    19   25   28   19   20   20   11   26   55   20   32   20 
                      Bs    14   17   11   19   11   26   22   16   14   18   33   25 
        
         Rms  Error: All    23   59   21   25   26   31   45   21   39   20   36   27 
                      Hs    19   49   28   22   34   33   53   24   51   21   41   30 
                      Bs    26   68   11   27   14   29   34   17   21   19   31   24 
       ------------------------------------------------------------------------------
