   *** Text-formatted Bell Statistics
       ------------------------------------------------------------------------------
         Bell Number:       1    2    3    4    5    6    7    8    9    0    E    T  
       ------------------------------------------------------------------------------
         Mean Error: All     6    2   15    7    3    7  -14   -2    0  -16  -11    1 
                      Hs     8   -2   18    2  -22   18  -15  -11    2  -26  -22   19 
                      Bs     3    6   11   11   29   -4  -12    6   -3   -6    0  -16 
        
         Std  Error: All    25   32   33   39   46   33   28   42   36   36   34   38 
                      Hs    26   32   32   40   37   30   28   43   31   36   31   31 
                      Bs    23   31   34   37   40   33   29   38   40   33   33   36 
        
         Rms  Error: All    25   32   36   39   46   34   31   42   35   39   36   38 
                      Hs    27   32   37   40   43   35   31   44   31   44   38   36 
                      Bs    23   31   36   39   49   33   31   39   40   33   33   39 
       ------------------------------------------------------------------------------
