   *** Text-formatted Bell Statistics
       ------------------------------------------------------------------------------
         Bell Number:       1    2    3    4    5    6    7    8    9    0    E    T  
       ------------------------------------------------------------------------------
         Mean Error: All   -15    1   -8   14    9    6   -5   11   -4  -18  -12   22 
                      Hs   -25   -8   -3    7   -8   12  -10    3   -3  -19  -16   24 
                      Bs    -4   10  -13   21   25    0    0   19   -5  -18   -7   21 
        
         Std  Error: All    27   33   36   38   38   35   33   28   34   36   36   34 
                      Hs    27   35   36   40   34   36   34   27   29   38   37   35 
                      Bs    24   29   35   36   34   32   31   26   38   34   35   33 
        
         Rms  Error: All    31   33   37   41   38   35   33   30   34   40   38   40 
                      Hs    37   36   36   40   34   38   35   27   29   42   40   42 
                      Bs    24   30   37   41   42   32   31   32   38   38   36   38 
       ------------------------------------------------------------------------------
