   *** Text-formatted Bell Statistics
       ------------------------------------------------------------------------------
         Bell Number:       1    2    3    4    5    6    7    8    9    0    E    T  
       ------------------------------------------------------------------------------
         Mean Error: All     2   15    3  -10    3   -8  -13   11   -4    8    8  -21 
                      Hs    10   13   11  -13  -27   -3  -13   10    0    2    0  -10 
                      Bs    -5   18   -5   -7   33  -13  -13   13   -7   13   17  -32 
        
         Std  Error: All    38   34   38   44   48   35   30   49   36   33   57   38 
                      Hs    37   32   38   50   38   36   31   48   34   33   58   32 
                      Bs    38   35   36   37   37   34   29   50   36   33   56   40 
        
         Rms  Error: All    38   37   38   45   48   36   33   50   36   34   58   43 
                      Hs    38   34   40   51   47   36   34   49   34   33   58   34 
                      Bs    38   40   36   38   50   36   32   51   37   35   58   51 
       ------------------------------------------------------------------------------
