   *** Text-formatted Bell Statistics
       ------------------------------------------------------------------------------
         Bell Number:       1    2    3    4    5    6    7    8    9    0    E    T  
       ------------------------------------------------------------------------------
         Mean Error: All     4    2    6   -4   -4   -2   -6    7    0  -10   -1    7 
                      Hs    -4   -7    4  -18   -8   -4  -12    0   -5   -8  -10   13 
                      Bs    13   11    8    9    1   -1    0   15    4  -11    8    1 
        
         Std  Error: All    29   31   35   38   31   38   31   28   32   36   32   28 
                      Hs    28   32   36   32   33   39   32   25   28   33   32   29 
                      Bs    27   27   34   39   28   37   27   28   35   39   29   25 
        
         Rms  Error: All    29   31   36   38   31   38   31   29   32   38   32   29 
                      Hs    28   33   36   37   34   40   34   25   28   34   33   32 
                      Bs    30   29   35   40   28   37   27   32   35   41   30   25 
       ------------------------------------------------------------------------------
