   *** Text-formatted Bell Statistics
       --------------------------------------------------------------------
         Bell Number:       1    2    3    4    5    6    7    8    9    0  
       --------------------------------------------------------------------
         Mean Error: All     9   -1    6    6  -12  -12   -5    3    8   -1 
                      Hs     7  -12  -15    3  -16  -17   -2   -2    7    0 
                      Bs    10    9   26    9   -8   -7   -9    8   10   -2 
        
         Std  Error: All    31   36   40   35   47   32   46   33   34   38 
                      Hs    33   34   37   36   50   33   46   34   36   41 
                      Bs    30   35   33   33   44   30   45   31   32   35 
        
         Rms  Error: All    33   37   41   35   49   34   46   33   35   38 
                      Hs    34   36   40   36   53   37   46   34   37   41 
                      Bs    31   37   42   35   45   31   46   32   34   35 
       --------------------------------------------------------------------
