   *** Text-formatted Bell Statistics
       ------------------------------------------------------------------------------
         Bell Number:       1    2    3    4    5    6    7    8    9    0    E    T  
       ------------------------------------------------------------------------------
         Mean Error: All    -4   11   -1    6    5    8   -1    3  -27  -10    0    6 
                      Hs    -9    8  -13   -1  -12    6   -3    2  -23  -19    1    3 
                      Bs     1   15   11   12   22   11    1    4  -30    0   -1   10 
        
         Std  Error: All    36   45   55   47   41   36   45   34   35   40   36   32 
                      Hs    37   41   58   49   37   34   49   33   38   40   33   34 
                      Bs    34   49   50   43   36   39   40   34   32   39   39   30 
        
         Rms  Error: All    36   47   55   47   41   37   45   34   44   42   36   33 
                      Hs    38   42   59   49   39   34   49   33   44   44   33   34 
                      Bs    34   51   51   45   43   40   40   34   44   39   39   32 
       ------------------------------------------------------------------------------
