   *** Text-formatted Bell Statistics
       ------------------------------------------------------------------------------
         Bell Number:       1    2    3    4    5    6    7    8    9    0    E    T  
       ------------------------------------------------------------------------------
         Mean Error: All    -3   -7   -2    8   -5    3    7    0    6   -2   -8    4 
                      Hs    -3   -8    7    2  -26    5    4  -13    7   -2  -15   22 
                      Bs    -4   -6  -12   13   16    1   11   14    4   -3    0  -15 
        
         Std  Error: All    24   29   33   35   39   28   32   43   29   32   34   36 
                      Hs    26   28   33   34   33   28   31   43   26   34   34   30 
                      Bs    22   29   31   36   34   27   33   38   32   31   32   31 
        
         Rms  Error: All    25   30   33   36   40   28   33   43   30   32   34   36 
                      Hs    27   29   34   34   42   29   31   45   27   34   37   37 
                      Bs    23   30   33   38   37   27   35   41   32   31   32   34 
       ------------------------------------------------------------------------------
