   *** Text-formatted Bell Statistics
       ------------------------------------------------------------------------------
         Bell Number:       1    2    3    4    5    6    7    8    9    0    E    T  
       ------------------------------------------------------------------------------
         Mean Error: All    10   18    0  -12    4   -4   -8   14  -11    5   -4  -11 
                      Hs    21   20    7  -15  -17    2   -9    8   -8    0  -10   -4 
                      Bs     0   15   -8  -10   26  -11   -6   20  -13   10    2  -18 
        
         Std  Error: All    50   35   39   48   45   41   41   51   40   36   54   42 
                      Hs    54   35   36   46   38   40   42   51   35   34   53   39 
                      Bs    45   35   41   49   41   41   40   51   44   37   56   44 
        
         Rms  Error: All    51   39   39   49   45   41   42   53   41   36   54   43 
                      Hs    57   40   36   48   42   40   43   51   36   34   53   39 
                      Bs    45   38   42   50   48   42   40   54   46   38   55   47 
       ------------------------------------------------------------------------------
