   *** Text-formatted Bell Statistics
       ------------------------------------------------------------------------------
         Bell Number:       1    2    3    4    5    6    7    8    9    0    E    T  
       ------------------------------------------------------------------------------
         Mean Error: All    -5    9   -4  -12    3    1    8   -5    8   -8    2    1 
                      Hs   -10    4  -18  -22  -11   -2    5   -5   10  -14    5    3 
                      Bs    -1   14   11   -1   17    4   10   -5    6   -2   -1   -1 
        
         Std  Error: All    33   39   46   38   35   30   37   29   30   37   34   28 
                      Hs    33   38   46   40   33   30   37   28   30   39   35   28 
                      Bs    32   38   41   34   31   29   37   30   29   34   34   28 
        
         Rms  Error: All    33   40   46   40   35   30   38   30   31   38   34   28 
                      Hs    34   39   49   45   35   30   37   28   32   42   35   28 
                      Bs    31   41   42   34   35   30   38   31   30   34   34   28 
       ------------------------------------------------------------------------------
