   *** Text-formatted Bell Statistics
       ------------------------------------------------------------------------------
         Bell Number:       1    2    3    4    5    6    7    8    9    0    E    T  
       ------------------------------------------------------------------------------
         Mean Error: All    -1  -11   -6    6    2   15   -6    0   -7   17   -3   -7 
                      Hs    -6  -19   -4  -11   -3   12   -9   -6   -3   15  -10  -12 
                      Bs     4   -3   -8   23    8   19   -3    5  -11   20    4   -2 
        
         Std  Error: All    29   34   36   40   31   37   29   34   32   32   31   31 
                      Hs    30   34   29   36   32   37   31   34   23   32   33   32 
                      Bs    29   32   41   36   30   37   27   33   39   32   28   30 
        
         Rms  Error: All    29   36   36   40   31   40   30   34   33   37   31   32 
                      Hs    30   39   29   37   32   38   32   34   23   36   34   34 
                      Bs    29   32   42   43   31   42   27   33   40   38   29   30 
       ------------------------------------------------------------------------------
