   *** Text-formatted Bell Statistics
       ----------------------------------------------------------
         Bell Number:       1    2    3    4    5    6    7    8  
       ----------------------------------------------------------
         Mean Error: All     5   -3   16   10   -1   -9   -9   -8 
                      Hs    13    1    5   -4  -12   -4   -7  -28 
                      Bs    -2   -7   26   23    9  -14  -10   13 
        
         Std  Error: All    34   32   36   49   36   33   24   33 
                      Hs    32   33   33   53   39   38   24   29 
                      Bs    34   30   35   41   29   26   24   23 
        
         Rms  Error: All    34   32   39   50   36   34   26   34 
                      Hs    35   33   34   52   41   38   25   40 
                      Bs    34   31   44   47   30   29   26   26 
       ----------------------------------------------------------
