   *** Text-formatted Bell Statistics
       ------------------------------------------------------------------------------
         Bell Number:       1    2    3    4    5    6    7    8    9    0    E    T  
       ------------------------------------------------------------------------------
         Mean Error: All    30   81  -10  -37  -26   -2  -57  -31  -30   -8   26   64 
                      Hs    31   60  -29  -53  -76   15  -27   -1   10  -25   16   70 
                      Bs    29  102    9  -21   24  -19  -87  -62  -69    9   37   58 
        
         Std  Error: All    44   51   56   47   68   46   51   53   56   39   42   32 
                      Hs    43   44   60   40   46   53   45   46   49   34   46   34 
                      Bs    45   49   46   48   46   30   36   41   29   37   35   29 
        
         Rms  Error: All    53   95   57   59   72   45   76   61   63   40   49   71 
                      Hs    52   74   65   66   89   54   51   45   49   41   47   78 
                      Bs    53  113   46   51   51   35   94   73   74   38   51   65 
       ------------------------------------------------------------------------------
