   *** Text-formatted Bell Statistics
       ------------------------------------------------------------------------------
         Bell Number:       1    2    3    4    5    6    7    8    9    0    E    T  
       ------------------------------------------------------------------------------
         Mean Error: All    -7   15   19    1    9   -8    0  -16    1   -5  -25    4 
                      Hs    -5   22   24   -8  -28   -3   -3  -24   -1   -8  -37   20 
                      Bs   -10    8   14    9   46  -13    4   -8    3   -2  -13  -13 
        
         Std  Error: All    27   44   31   37   50   38   26   41   27   32   35   33 
                      Hs    26   51   23   30   36   27   24   43   31   32   40   26 
                      Bs    29   35   38   42   31   47   29   38   22   33   24   32 
        
         Rms  Error: All    28   46   37   37   50   38   26   44   27   32   43   33 
                      Hs    26   55   34   31   45   26   23   49   31   33   54   33 
                      Bs    30   35   40   42   55   48   29   38   22   32   27   34 
       ------------------------------------------------------------------------------
