   *** Text-formatted Bell Statistics
       ------------------------------------------------------------------------------
         Bell Number:       1    2    3    4    5    6    7    8    9    0    E    T  
       ------------------------------------------------------------------------------
         Mean Error: All   -12   -8   -6   19   -2   10   -6   -2   10    4   -4   -1 
                      Hs   -20  -17   -4   12  -10    5   -7  -10    7    2  -17    1 
                      Bs    -5    1   -8   25    6   15   -5    6   12    7    8   -3 
        
         Std  Error: All    30   31   30   35   30   37   31   28   32   37   35   31 
                      Hs    31   29   29   34   28   37   33   29   29   40   35   35 
                      Bs    27   29   31   35   30   36   29   25   34   32   30   26 
        
         Rms  Error: All    32   32   30   40   30   38   32   28   33   37   35   31 
                      Hs    37   34   29   36   30   37   34   31   30   40   38   35 
                      Bs    27   29   32   43   31   39   29   25   36   33   31   26 
       ------------------------------------------------------------------------------
