   *** Text-formatted Bell Statistics
       ------------------------------------------------------------------------------
         Bell Number:       1    2    3    4    5    6    7    8    9    0    E    T  
       ------------------------------------------------------------------------------
         Mean Error: All    -7    8    3   -5   33    6   -6    3   -3   -9  -27   -1 
                      Hs    -5    8    7   -9    5   23  -14   -5   -1  -16  -39   15 
                      Bs    -8    8   -1   -2   61  -11    2   11   -6   -2  -15  -17 
        
         Std  Error: All    30   38   37   45   50   39   34   52   41   41   41   42 
                      Hs    30   43   37   45   37   37   35   56   40   40   39   39 
                      Bs    29   33   36   44   45   33   31   48   41   42   40   39 
        
         Rms  Error: All    30   39   37   45   59   39   34   52   41   42   49   42 
                      Hs    31   44   38   46   37   43   37   56   40   43   55   42 
                      Bs    30   34   36   44   75   35   31   49   41   42   43   43 
       ------------------------------------------------------------------------------
