   *** Text-formatted Bell Statistics
       ------------------------------------------------------------------------------
         Bell Number:       1    2    3    4    5    6    7    8    9    0    E    T  
       ------------------------------------------------------------------------------
         Mean Error: All   -15    1   10   16    4   21    2  -11   10  -18  -10  -15 
                      Hs   -19   -2   16   10  -18   30   -7  -10    8  -18  -18  -14 
                      Bs   -10    4    3   23   26   12   12  -11   12  -18   -1  -15 
        
         Std  Error: All    28   30   32   34   40   38   33   50   32   33   36   34 
                      Hs    30   26   30   34   36   38   31   54   33   37   34   33 
                      Bs    26   32   33   32   31   36   33   46   32   29   37   36 
        
         Rms  Error: All    32   30   33   38   40   44   33   51   34   38   38   37 
                      Hs    35   26   34   36   40   49   32   54   34   41   39   35 
                      Bs    28   32   33   39   40   38   35   47   34   34   37   39 
       ------------------------------------------------------------------------------
