   *** Text-formatted Bell Statistics
       ------------------------------------------------------------------------------
         Bell Number:       1    2    3    4    5    6    7    8    9    0    E    T  
       ------------------------------------------------------------------------------
         Mean Error: All    -7   12    0  -16   19    2   -2    2  -11  -15   -4   26 
                      Hs   -15    3  -17  -18    6    2   -4    5   -1  -12   -9   27 
                      Bs     1   22   16  -15   31    1    0   -1  -21  -17    1   25 
        
         Std  Error: All    35   35   56   31   36   35   31   38   34   48   30   43 
                      Hs    35   33   62   31   35   37   29   39   35   47   30   46 
                      Bs    34   34   44   31   33   33   33   37   30   49   29   41 
        
         Rms  Error: All    36   37   56   35   40   35   31   38   35   50   30   51 
                      Hs    38   33   64   35   35   37   30   39   34   49   31   53 
                      Bs    34   40   46   34   45   33   33   37   36   52   29   48 
       ------------------------------------------------------------------------------
